Model,Test,Case,Passed,Code,Duration
,,clean exit,true,"def check_clean_exit(ctx):
    return ctx.exit_code == 0",4.76837158203125e-07
,,clean working tree,true,"def check_clean_working_tree(ctx):
    return ""nothing to commit, working tree clean"" in ctx.stdout",4.76837158203125e-07
,,main.py exists,true,"def check_exists_main(ctx):
    return ""main.py"" in ctx.files",4.76837158203125e-07
,,we have a commit,true,"def check_commit_exists(ctx):
    return ""No commits yet"" not in ctx.stdout",1.6689300537109375e-06
